13.172595000000003	52.5649948	1.0
13.391595000000002	52.6179948	0.8722334504127502
13.389095000000003	52.615994799999996	0.8712974786758423
13.284595000000003	52.4659948	0.28246209025382996
13.287595000000003	52.4679948	0.2837941348552704
13.162095000000003	52.4929948	0.5431448817253113
13.159095000000002	52.490994799999996	0.6693754196166992
13.326095000000002	52.5659948	0.4173557758331299
13.180595000000002	52.5614948	0.8648386597633362
13.161595000000002	52.5649948	0.8688913583755493
13.155595000000003	52.5704948	0.7363184690475464
13.157595000000002	52.5799948	0.858944833278656
13.380595000000003	52.623494799999996	0.8717233538627625
13.185095000000002	52.5744948	0.7125731706619263
13.181095000000003	52.5799948	0.7109459042549133
13.157095000000004	52.551994799999996	0.6978713870048523
13.163095000000002	52.5464948	0.5555552244186401
13.169095000000002	52.5374948	0.5661066174507141
13.174595000000002	52.5264948	0.8454046845436096
13.176595000000002	52.5204948	0.7151423692703247
13.182595000000003	52.5149948	0.8444663286209106
13.193595000000002	52.5094948	0.7037050724029541
13.206095000000003	52.5079948	0.5608818531036377
13.218095000000003	52.5129948	0.5596106648445129
13.227595000000003	52.5169948	0.5633189082145691
13.383095000000003	52.6029948	0.8600479960441589
13.371095000000002	52.6104948	0.8631739616394043
13.369095000000003	52.599494799999995	0.8511062860488892
13.359595000000002	52.6064948	0.8634647130966187
13.216095000000003	52.5279948	0.7143641114234924
13.221595000000002	52.5409948	0.7107499837875366
13.224595000000003	52.542994799999995	0.5661272406578064
13.202095000000003	52.5244948	0.430406391620636
13.192595000000003	52.5314948	0.561700701713562
13.200095000000003	52.5389948	0.5758472681045532
13.194595000000003	52.5524948	0.5695417523384094
13.385095000000003	52.5879948	0.8657212257385254
13.224095000000002	52.5709948	0.5740140080451965
13.328595000000004	52.4289948	0.8553300499916077
13.412095000000003	52.5789948	0.41165345907211304
13.443095000000003	52.6414948	0.523544430732727
13.276095000000003	52.5289948	0.5471920967102051
13.255595000000003	52.5734948	0.4090983271598816
13.590095000000003	52.4609948	0.4650641083717346
13.339095000000002	52.5569948	0.43394479155540466
13.673595000000002	52.4444948	0.43141207098960876
13.443595000000002	52.6194948	0.5590775609016418
13.527095000000003	52.4694948	0.15234236419200897
13.151095000000003	52.5319948	0.6970375776290894
13.402095000000003	52.4569948	0.2913593053817749
13.433095000000003	52.5524948	0.14848044514656067
13.266095000000004	52.4399948	0.7111283540725708
13.517095000000003	52.4024948	0.28014424443244934
13.349595000000003	52.5899948	0.42767786979675293
13.475095000000003	52.6524948	0.503109872341156
13.308095000000003	52.539994799999995	0.4239041209220886
13.391595000000002	52.3899948	0.2880847454071045
13.287095000000003	52.6399948	0.5600323677062988
13.370595000000003	52.4899948	0.0
13.496095000000002	52.4524948	0.5635804533958435
13.579595000000003	52.4469948	0.5982856154441833
13.412595000000003	52.6344948	0.674475371837616
13.344595000000002	52.434494799999996	0.7142765522003174
13.386095000000003	52.5344948	0.14486722648143768
13.720595000000003	52.4219948	0.4136924743652344
13.156595000000003	52.4429948	0.739403247833252
13.605595000000003	52.5054948	0.29389604926109314
13.522095000000002	52.5804948	0.3987376391887665
13.313095000000002	52.4179948	0.7105445861816406
13.229595000000003	52.4929948	0.42159801721572876
13.543095000000003	52.5139948	0.28853359818458557
13.376095000000003	52.4014948	0.13869880139827728
13.167095000000003	52.4764948	0.5730365514755249
13.250595000000002	52.4264948	0.28344354033470154
13.509095000000002	52.4139948	0.159040167927742
13.300095000000002	52.4514948	0.4273609220981598
13.550595000000003	52.5619948	0.42480093240737915
13.279095000000003	52.599494799999995	0.15863701701164246
13.362595000000002	52.5494948	0.1430061310529709
13.697095000000003	52.4369948	0.4328056275844574
13.101595000000003	52.4244948	0.5781542658805847
13.436095000000003	52.6119948	0.5933155417442322
13.603095000000003	52.3869948	0.1391027718782425
13.477595000000003	52.4454948	0.5738245844841003
13.289595000000002	52.432994799999996	0.4274040162563324
13.540595000000003	52.3954948	0.5650191307067871
13.373095000000003	52.5829948	0.5962545871734619
13.498595000000003	52.6454948	0.1404433250427246
13.180095000000003	52.4409948	0.6058837175369263
13.368095000000002	52.4159948	0.14584946632385254
13.660595000000002	52.4534948	0.43870633840560913
13.744095000000003	52.4479948	0.41553059220314026
13.441095000000002	52.5229948	0.2813381850719452
13.148595000000002	52.4354948	0.7302911877632141
13.483095000000002	52.6229948	0.15115483105182648
13.315595000000002	52.5104948	0.0
13.127595000000003	52.5354948	0.5306249260902405
13.295095000000003	52.6104948	0.41717562079429626
13.545595000000002	52.5729948	0.576615571975708
13.503595000000002	52.556494799999996	0.0
13.336595000000003	52.4439948	0.5698939561843872
13.253095000000002	52.5189948	0.14389701187610626
13.587595000000002	52.4064948	0.6983304619789124
13.420095000000003	52.5939948	0.5884346961975098
13.257095000000003	52.5439948	0.7106196284294128
13.591095000000003	52.431494799999996	0.7362001538276672
13.298595000000002	52.6439948	0.5313011407852173
13.215095000000003	52.4189948	0.4223737120628357
13.528595000000003	52.4399948	0.1475733518600464
13.152595000000003	52.4024948	0.4247577488422394
13.319595000000003	52.4774948	0.5564464926719666
13.601595000000003	52.4649948	0.3033284544944763
13.225595000000002	52.4524948	0.5832926034927368
13.121095000000002	52.446494799999996	0.7391520738601685
13.455595000000002	52.633994799999996	0.5237361192703247
13.497095000000003	52.4339948	0.2762358784675598
13.413595000000003	52.4714948	0.2970619797706604
13.429595000000003	52.5339948	0.2859577536582947
13.262095000000002	52.4214948	0.42962634563446045
13.680095000000003	52.4589948	0.4300757944583893
13.471095000000002	52.6674948	0.5089397430419922
13.304095000000002	52.554994799999996	0.5898982882499695
13.638095000000003	52.4424948	0.45918676257133484
13.554595000000003	52.5174948	0.28356218338012695
13.283095000000003	52.6549948	0.5454792380332947
13.617595000000003	52.5424948	0.0
13.366595000000002	52.5049948	0.0
13.701095000000002	52.3924948	0.1320067197084427
13.241595000000002	52.5299948	0.568507194519043
13.575595000000003	52.4174948	0.7267821431159973
13.272595000000003	52.4549948	0.5674232244491577
13.523595000000002	52.5509948	0.0
13.356095000000003	52.4384948	0.43010079860687256
13.481595000000002	52.4009948	0.3034597933292389
13.314595000000002	52.5884948	0.5800314545631409
13.398095000000003	52.538494799999995	0.1444748044013977
13.732095000000003	52.4259948	0.4108908176422119
13.460595000000003	52.5009948	0.14440813660621643
13.210095000000003	52.4634948	0.5544800162315369
13.586095000000002	52.4509948	0.5952080488204956
13.426595000000002	52.4504948	0.0
13.176095000000002	52.4129948	0.563869297504425
13.468595000000002	52.550494799999996	0.0
13.552095000000003	52.4004948	0.564420223236084
13.280595000000003	52.5379948	0.692095160484314
13.614595000000003	52.425494799999996	0.7118129134178162
13.155095000000003	52.4629948	0.6964282989501953
13.353595000000002	52.6214948	0.8515521287918091
13.144595000000002	52.3964948	0.4215759038925171
13.312095000000003	52.4714948	0.8597354292869568
13.395595000000002	52.4214948	0.4283711016178131
13.291095000000002	52.571494799999996	0.588616132736206
13.625095000000002	52.4589948	0.4551027715206146
13.249095000000002	52.4799948	0.1353141814470291
13.432095000000002	52.617494799999996	0.5728484392166138
13.265095000000002	52.5049948	0.4285717010498047
13.473595000000003	52.4174948	0.42997246980667114
13.557095000000002	52.5674948	0.5656033754348755
13.536595000000002	52.4119948	0.4273034334182739
13.327595000000002	52.5494948	0.43816542625427246
13.661595000000002	52.4369948	0.4279639422893524
13.244095000000003	52.6244948	0.29706650972366333
13.578095000000003	52.5119948	0.28433239459991455
13.191595000000003	52.4244948	0.5583420991897583
13.484095000000002	52.4619948	0.5819401144981384
13.233595000000003	52.5574948	0.42179074883461
13.400595000000003	52.632494799999996	0.6913828253746033
13.129095000000003	52.4074948	0.5507360100746155
13.296095000000003	52.4824948	0.42828381061553955
13.379595000000002	52.4324948	0.0
13.338095000000003	52.5824948	0.28109854459762573
13.131095000000002	52.4409948	0.7376770377159119
13.465095000000003	52.6284948	0.5211185812950134
13.632595000000002	52.4034948	0.0
13.444595000000003	52.428494799999996	0.2943018674850464
13.277095000000003	52.615994799999996	0.7197555303573608
13.402595000000003	52.5659948	0.27156928181648254
13.266595000000002	52.5604948	0.5341381430625916
13.601095000000003	52.4479948	0.8671405911445618
13.225095000000003	52.4354948	0.8563249111175537
13.392095000000003	52.5104948	0.13846734166145325
13.454595000000003	52.4729948	0.15275713801383972
13.538595000000003	52.4229948	0.27935129404067993
13.496595000000003	52.5729948	0.0
13.580095000000002	52.5559948	0.0
13.261595000000003	52.593494799999995	0.15215834975242615
13.470595000000003	52.505994799999996	0.14679978787899017
13.199095000000003	52.568494799999996	0.5652663111686707
13.491595000000002	52.4394948	0.42120689153671265
13.407595000000002	52.4769948	0.14601624011993408
13.272095000000002	52.426994799999996	0.5740054249763489
13.355595000000003	52.5769948	0.2791796028614044
13.690095000000003	52.4644948	0.4291628301143646
13.313595000000003	52.5269948	0.14527472853660583
13.125595000000002	52.4519948	0.7454527616500854
13.209595000000002	52.4499948	0.8710490465164185
13.251095000000003	52.5499948	0.4127037227153778
13.585595000000003	52.437494799999996	0.6008195281028748
13.509595000000003	52.5374948	0.0
13.342595000000003	52.4249948	0.5719553828239441
